%YAML:1.0
---
#image_width: 1280
#image_height: 720

camera_matrix: !!opencv-matrix
   rows: 3
   cols: 3
   dt: d
   data: [855.0281937078547,0.,941.1333153867694,
           0.,852.5917423437644,605.6768013280598,
           0.,0.,1.]
distortion_coefficients: !!opencv-matrix
   rows: 4
   cols: 1
   dt: d
   data: [-0.23304686023984403, 0.0365682050608495, 0.0015081546748621968, -0.000804612417215046]